offset:
  head_pitch: 0
  head_roll: 0
  head_yaw: 0
  l_ankle_pitch: -0.04710061874715364
  l_ankle_roll: 0.01433497092304676
  l_elbow_pitch: 0
  l_hip_pitch: -0.00153588974175501
  l_hip_roll: 0.02201441963182181
  l_hip_yaw: -0.007679448708775049
  l_knee_pitch: -0.0051196324725167
  l_shoulder_pitch: 0
  l_shoulder_roll: 0
  r_ankle_pitch: -0.01996656664281513
  r_ankle_roll: 0.01433497092304676
  r_elbow_pitch: 0
  r_hip_pitch: -0.06399540590645875
  r_hip_roll: -0.01484693417029843
  r_hip_yaw: 0
  r_knee_pitch: -0.04966043498341199
  r_shoulder_pitch: 0
  r_shoulder_roll: 0
  waist_roll: 0
  waist_yaw: 0