offset:
  head_pitch: 0
  head_roll: 0
  head_yaw: 0
  l_ankle_pitch: 0.01279908118129175
  l_ankle_roll: 0.0051196324725167
  l_elbow_pitch: 0
  l_hip_pitch: 0.01689478715930511
  l_hip_roll: 0.0051196324725167
  l_hip_yaw: 0.03890920679112692
  l_knee_pitch: 0.00307177948351002
  l_shoulder_pitch: 0
  l_shoulder_roll: 0
  r_ankle_pitch: 0.00051196324725167
  r_ankle_roll: 0.05426810420867702
  r_elbow_pitch: 0
  r_hip_pitch: -0.00051196324725167
  r_hip_roll: 0
  r_hip_yaw: 0.009215338450530059
  r_knee_pitch: 0
  r_shoulder_pitch: 0
  r_shoulder_roll: -0.02641730355818617
  waist_roll: 0
  waist_yaw: 0