offset:
  head_pitch: 0
  head_roll: 0
  head_yaw: 0
  l_ankle_pitch: 0.00051196324725167
  l_ankle_roll: 0.04658865549990197
  l_elbow_pitch: 0
  l_hip_pitch: 0.00204785298900668
  l_hip_roll: 0.03327761107135855
  l_hip_yaw: -0.07781841358225385
  l_knee_pitch: -0.00051196324725167
  l_shoulder_pitch: 0
  l_shoulder_roll: 0
  r_ankle_pitch: -0.0255981623625835
  r_ankle_roll: 0.05938773668119372
  r_elbow_pitch: 0
  r_hip_pitch: -0.0665552221427171
  r_hip_roll: 0.0051196324725167
  r_hip_yaw: 0
  r_knee_pitch: -0.03839724354387525
  r_shoulder_pitch: 0
  r_shoulder_roll: 0
  waist_roll: 0
  waist_yaw: 0