offset:
  head_pitch: 0
  head_roll: 0.04454080251089529
  head_yaw: -0.01290147383074208
  l_ankle_pitch: -0.01638282391205344
  l_ankle_roll: 0.04607669225265031
  l_elbow_pitch: 0
  l_hip_pitch: 0.00255981623625835
  l_hip_roll: 0.03378957431861022
  l_hip_yaw: -0.03993313328563026
  l_knee_pitch: -0.02355030937357682
  l_shoulder_pitch: 0.05652074249658436
  l_shoulder_roll: 0
  r_ankle_pitch: -0.01894264014831179
  r_ankle_roll: 0.05938773668119372
  r_elbow_pitch: 0
  r_hip_pitch: -0.06860307513172378
  r_hip_roll: 0.009727301697781731
  r_hip_yaw: -0.02303834612632515
  r_knee_pitch: -0.03737331704937191
  r_shoulder_pitch: -0.006143558967020039
  r_shoulder_roll: 0
  waist_roll: 0
  waist_yaw: 0
