offset:
  head_pitch: 0
  head_roll: 0
  head_yaw: 0
  l_ankle_pitch: -0.09522516398881062
  l_ankle_roll: -0.00307177948351002
  l_elbow_pitch: 0
  l_hip_pitch: 0.01126319143953674
  l_hip_roll: 0.03020583158784853
  l_hip_yaw: 0
  l_knee_pitch: -0.00870337520327839
  l_shoulder_pitch: 0
  l_shoulder_roll: 0
  r_ankle_pitch: 0.009215338450530059
  r_ankle_roll: -0.0486365
  r_elbow_pitch: 0
  r_hip_pitch: -0.1029046126975857
  r_hip_roll: 0
  r_hip_yaw: 0.0102392649450334
  r_knee_pitch: -0.05068436147791532
  r_shoulder_pitch: 0
  r_shoulder_roll: 0
  waist_roll: 0
  waist_yaw: 0
