offset:
  head_pitch: 0
  head_roll: 0.04454080251089529
  head_yaw: -0.01290147383074208
  l_ankle_pitch: 0
  l_ankle_roll: 0.04607669225265031
  l_elbow_pitch: 0
  l_hip_pitch: 0.00255981623625835
  l_hip_roll: 0.03430153756586189
  l_hip_yaw: -0.04044509653288193
  l_knee_pitch: -0.00102392649450334
  l_shoulder_pitch: 0.05652074249658436
  l_shoulder_roll: 0
  r_ankle_pitch: -0.02662208885708684
  r_ankle_roll: 0.05938773668119372
  r_elbow_pitch: 0
  r_hip_pitch: -0.00460766922526503
  r_hip_roll: 0.00819141195602672
  r_hip_yaw: -0.00102392649450334
  r_knee_pitch: -0.03634939055486856
  r_shoulder_pitch: -0.006143558967020039
  r_shoulder_roll: 0
  waist_roll: 0
  waist_yaw: 0